1024 768
1000
250 3621.52 259 281
765 1701.68 744 538
837 5324.74 814 685
484 4879.3 932 200
838 2441.34 779 4
994 6341.84 586 683
186 7766.85 205 713
616 4031.67 556 153
661 1502.73 997 13
645 4925.31 714 224
28 1766.46 936 125
977 4332.21 158 408
95 1194.12 701 675
271 7875.22 788 42
823 6572.36 99 32
501 8443.9 679 357
191 3854.98 26 127
220 739.64 187 64
747 7080.72 931 542
212 8348.0 377 251
585 2054.99 150 70
556 951.09 852 141
903 9287.15 378 601
606 4771.23 438 176
244 7079.87 131 362
35 3267.08 158 677
788 8924.23 296 731
218 8787.44 809 200
572 7440.56 900 482
630 6885.13 842 371
669 1381.11 325 76
4 9259.82 626 492
1 5474.59 410 84
300 2967.31 332 32
347 8384.42 74 674
859 9305.76 984 225
668 6708.62 798 759
530 4395.0 811 72
799 4963.4 634 238
211 3241.68 186 275
370 866.39 325 117
705 1559.05 90 254
261 6962.35 633 553
898 3934.42 132 385
16 5757.39 775 105
463 5659.57 273 462
782 3970.24 320 644
308 6218.94 522 563
866 3018.92 613 546
896 188.25 636 88
724 3494.4 172 274
432 4077.82 631 3
840 4963.15 70 741
908 2088.05 312 507
311 6492.52 429 750
518 4557.53 655 213
560 8936.3 902 414
243 84.92 708 617
608 8414.19 401 7
573 8454.6 575 223
134 9557.36 160 725
565 375.15 504 422
956 8629.83 918 753
954 9357.59 835 30
395 1431.87 470 552
644 1574.22 409 569
802 64.52 261 697
108 8686.07 674 251
968 5977.11 540 436
350 836.41 269 157
327 3771.63 907 354
632 2348.54 329 595
304 8016.75 145 459
550 8702.62 757 364
435 2361.2 465 286
407 2667.56 758 108
425 2505.82 114 101
979 5901.67 490 330
10 7376.72 152 194
663 7510.24 747 533
230 6278.12 867 653
284 7868.72 215 586
96 5596.69 136 420
17 2939.16 120 692
957 8266.39 134 11
921 7999.94 445 702
53 6508.41 822 768
798 446.68 958 604
489 4692.73 914 671
335 9194.48 391 169
846 4901.38 47 692
916 5265.81 475 703
949 6573.75 925 628
512 4091.92 452 409
25 4679.92 978 629
20 8099.76 522 591
510 2092.38 905 143
824 1335.53 621 365
626 3167.96 634 77
213 5659.53 206 541
482 3674.6 558 86
474 8655.5 993 200
559 9688.23 645 60
708 568.87 316 689
892 5883.64 719 131
897 3820.81 505 386
509 9255.17 808 685
640 973.85 773 228
972 4449.85 466 550
652 5227.54 177 363
713 7969.92 685 264
691 9819.41 975 88
570 6937.02 242 234
492 1347.79 749 600
508 2022.71 18 249
283 2617.52 580 282
196 4530.47 573 301
148 4877.01 487 721
939 6236.39 78 531
255 930.34 935 332
166 5069.54 462 17
337 5233.05 776 253
21 2966.42 744 666
596 4556.05 564 626
479 9694.22 260 697
851 6620.65 385 520
429 188.59 557 657
718 8189.78 806 723
650 8080.8 614 194
653 7403.01 97 633
31 4214.59 603 375
473 7646.05 947 730
498 9207.35 814 129
141 5317.0 447 552
878 7155.04 481 254
476 4357.46 156 407
430 7188.05 96 693
637 8320.9 229 666
999 97.88 216 743
276 9561.66 877 352
139 3472.14 975 214
114 9885.61 1004 634
137 9352.06 782 248
69 1261.5 895 568
107 7755.0 271 50
932 3323.84 319 350
683 8757.99 288 418
109 409.52 533 317
865 7418.88 574 189
858 9354.43 681 189
251 2829.65 966 480
18 2092.99 218 213
783 8791.04 996 462
495 6989.06 196 662
520 3602.43 564 252
57 6886.22 604 81
124 5251.04 150 593
385 2819.47 177 83
384 6980.67 218 344
469 7357.7 182 504
387 6666.57 268 492
568 7130.64 770 233
481 6629.92 602 291
268 3616.45 820 7
700 8099.53 920 637
861 2624.58 538 198
584 2614.55 393 676
163 6058.42 782 97
52 3623.09 1024 275
742 1993.45 647 79
7 2961.61 377 30
147 4687.2 169 504
208 8867.96 665 733
247 1459.76 311 521
206 69.69 434 292
343 5786.6 969 86
494 2947.7 164 271
331 8900.22 980 5
439 270.5 178 685
689 6390.74 953 426
527 6828.28 187 219
74 957.43 424 452
150 7527.37 88 475
870 5227.78 392 57
762 5840.52 807 717
780 75.5 675 232
36 9194.15 677 417
336 1937.85 406 636
467 2812.59 960 359
397 3902.82 102 496
883 3066.05 769 408
151 6110.29 1023 217
292 4122.32 504 746
398 5545.13 779 167
110 4842.21 937 136
183 4652.76 422 488
731 2794.25 750 704
511 820.15 733 540
490 9979.83 331 150
427 5969.66 537 650
391 2126.93 453 734
367 6099.78 512 215
128 1945.18 667 757
90 9842.93 704 438
199 1172.25 149 66
298 4658.05 458 710
542 7300.01 1000 570
875 9437.09 501 87
318 8967.51 331 762
586 7512.33 173 548
136 4024.33 665 408
944 5886.43 379 93
466 7709.86 317 349
850 7216.96 1011 155
461 7192.85 72 101
703 6223.86 779 499
571 2495.82 802 420
654 9877.41 676 673
334 691.36 130 639
778 5373.95 834 381
264 6469.72 482 430
235 886.99 88 684
342 4974.8 834 220
618 2868.8 248 510
375 5351.36 718 293
185 3408.64 6 444
605 1752.45 601 586
771 2637.49 585 327
740 7379.03 484 613
982 659.11 887 423
97 2144.23 12 330
639 3194.47 821 214
856 503.55 315 188
860 7062.52 128 503
891 8479.93 564 376
722 960.14 998 701
239 9091.27 486 53
305 3820.93 1024 606
899 1033.58 595 750
348 6405.39 740 190
725 8529.68 162 371
241 9127.96 393 68
197 1570.49 545 498
804 9272.88 462 611
497 5884.99 140 362
614 4525.43 196 92
226 1142.28 634 518
376 1752.99 249 638
405 1301.85 909 497
73 8656.41 299 643
524 8203.16 809 300
885 1263.31 838 673
63 2615.88 1016 638
452 2001.78 49 507
715 5185.2 105 386
266 1332.66 3 50
364 406.92 784 79
86 4220.93 300 455
176 2522.13 121 718
600 5755.38 996 31
487 1123.48 621 652
282 5887.84 55 322
249 8193.14 755 46
628 6404.63 910 318
743 5642.85 774 650
433 218.7 537 101
867 2191.03 826 304
629 9976.08 112 499
3 2655.84 463 638
692 1933.84 637 432
529 2729.87 659 125
936 4168.89 994 211
316 2200.52 618 576
227 4396.05 656 346
576 9430.07 349 605
662 1189.92 287 24
902 1608.71 158 170
475 9238.1 504 376
44 1485.28 293 510
322 8429.1 950 662
145 5409.76 758 409
219 4354.93 390 102
549 570.23 335 95
749 7863.75 378 180
659 1771.31 608 505
353 9759.67 856 77
420 4759.17 770 508
357 8769.49 454 681
248 6616.01 963 312
253 9491.26 179 514
926 506.12 159 302
62 3758.43 185 323
923 8423.4 454 501
431 3398.62 857 505
1001 3820.5 277 247
456 3451.77 182 722
120 2534.1 507 114
983 8973.05 594 313
785 5919.1 447 101
797 1809.57 520 694
680 5176.92 114 600
764 6264.0 935 604
379 6273.75 669 271
98 1607.69 314 293
440 7697.59 390 758
587 2472.18 290 79
984 1209.64 355 671
833 6081.09 723 234
933 9783.47 898 25
779 9581.24 1006 381
325 842.33 586 141
890 7051.83 441 593
278 9556.53 33 608
738 3354.7 165 740
541 2725.14 413 352
978 5081.08 18 760
574 9223.66 292 471
924 5159.26 533 440
716 4154.08 688 269
905 1289.32 918 271
174 1121.32 510 26
962 5917.62 507 296
155 2758.63 769 166
980 1463.77 609 490
434 8860.18 482 164
451 7116.65 798 637
377 352.54 326 335
214 4939.14 721 514
759 5784.98 339 759
299 2787.91 474 4
721 2122.04 936 699
352 6643.83 578 266
225 2794.04 218 431
76 9035.21 624 699
135 6723.44 876 620
287 7579.61 27 228
888 9077.71 418 474
238 4327.05 636 24
847 3642.08 261 255
726 7824.47 648 692
210 5374.36 634 649
513 8502.2 481 676
753 1690.25 338 402
165 3189.52 51 475
558 6568.02 411 383
981 5790.67 513 597
993 2586.5 976 525
49 8410.89 275 361
485 4941.22 604 378
111 7663.81 502 415
677 3816.04 125 753
56 8912.88 550 101
619 6525.16 27 310
33 3530.79 918 420
880 9425.17 513 743
93 3343.54 50 506
54 2259.87 759 234
990 8013.88 145 147
438 41.29 226 704
604 109.95 1002 643
815 1322.13 226 608
894 9450.52 252 498
290 673.61 736 200
200 7429.75 114 529
534 2774.54 730 249
820 358.07 399 126
613 3575.37 748 615
515 2251.41 980 227
23 2453.58 585 609
506 8753.62 885 541
995 7347.14 737 460
578 3839.64 235 166
953 5713.22 810 501
521 8347.82 950 16
581 3698.46 307 670
561 4127.1 317 201
115 9272.76 849 317
913 6838.19 409 11
446 3897.67 814 562
402 2468.02 509 365
688 9920.62 957 435
679 9856.33 36 547
538 4578.75 188 127
554 388.15 124 210
47 395.72 850 667
358 6454.39 616 754
254 3459.25 760 98
27 8441.26 791 384
964 7490.37 649 421
85 9984.05 869 621
811 6117.08 253 416
224 8581.97 764 65
976 4071.85 91 474
437 4737.4 101 67
795 486.7 569 246
415 8314.92 162 341
831 8391.71 586 584
314 3464.67 233 419
676 1037.23 296 749
113 390.8 744 382
252 598.5 765 27
383 3280.39 95 598
750 96.95 858 483
182 9513.45 364 5
607 5764.44 982 59
101 6672.76 70 27
442 2521.48 860 463
884 6420.21 371 519
26 7413.91 61 364
997 1560.06 316 578
8 2093.92 247 515
222 3503.97 891 232
989 5254.74 698 582
144 7254.73 61 271
413 4932.39 95 99
480 3303.44 741 21
563 289.19 948 426
557 8990.17 890 620
312 6470.46 448 300
256 7189.83 404 563
260 8795.48 154 735
454 8845.67 967 618
344 558.06 913 584
805 8011.73 488 382
699 6906.05 365 481
297 1006.78 527 372
809 4797.24 760 112
674 594.93 57 588
175 7239.49 625 15
369 9145.73 365 695
119 5215.87 389 257
132 6317.29 447 186
808 897.75 256 45
502 2975.35 396 366
776 4993.46 266 49
564 5803.98 743 189
146 200.79 62 400
634 2123.5 280 584
81 2011.0 470 588
717 5150.18 596 59
142 4363.4 575 15
450 9005.07 260 475
730 2820.42 700 255
294 8877.06 916 252
295 349.24 895 78
836 6918.44 464 490
734 3668.66 780 167
421 6743.63 718 435
907 7488.14 954 757
486 9320.49 761 309
849 4243.69 878 137
670 2390.92 994 175
102 5212.5 291 734
328 7755.79 831 334
293 9556.29 352 149
419 2470.25 115 116
772 5207.05 1020 357
390 6769.02 1018 230
426 3599.39 452 690
112 4942.26 279 140
857 9289.39 110 385
988 6310.89 914 114
460 2109.92 309 743
394 787.92 866 617
685 3498.3 680 230
927 9672.67 419 411
477 4743.8 196 495
965 8128.67 344 386
404 545.57 201 44
340 3223.01 68 530
70 4760.99 914 729
60 598.54 238 496
595 8985.86 164 283
848 3688.59 752 456
943 1870.79 744 483
180 9377.19 180 50
223 884.11 829 612
237 6972.36 623 741
707 3303.24 65 398
34 6787.75 846 338
89 4153.63 302 169
945 3206.45 253 430
319 7477.36 62 146
641 4802.37 456 582
445 2997.3 617 175
296 3481.73 90 648
310 2344.57 243 583
948 5797.07 15 97
745 8123.57 874 168
517 5449.45 927 19
675 6324.58 32 257
320 1009.93 6 140
712 5486.37 505 151
657 2603.8 85 87
656 6587.27 303 81
458 4433.96 792 304
400 1152.77 942 584
690 9603.35 824 295
950 8105.68 960 226
655 3614.65 727 121
286 7728.32 738 62
38 7232.7 877 762
567 2191.59 65 277
80 9948.86 598 666
855 1692.27 164 37
609 8584.39 704 479
257 8155.46 144 163
789 1590.42 486 67
638 1861.98 950 481
491 9108.44 845 444
704 4703.92 704 198
77 453.77 511 499
767 7189.97 486 215
528 1312.02 311 437
835 1353.96 386 385
123 8505.25 487 754
414 898.78 361 187
436 6713.39 974 106
201 3374.22 878 706
99 5123.77 883 300
496 9491.62 798 73
169 8035.94 829 711
951 6204.24 985 610
666 4426.67 153 457
159 7070.26 59 344
777 289.77 663 471
960 8822.18 754 667
992 8171.42 568 601
695 2073.96 566 430
382 9517.85 600 297
346 1944.78 993 272
729 6332.91 367 554
349 4982.15 571 697
552 5854.7 543 420
228 2645.29 78 256
536 3113.63 263 209
817 7033.24 212 316
262 778.14 961 235
267 3365.55 92 214
160 2272.81 784 677
684 4314.11 1004 264
289 7707.63 194 120
500 1832.64 131 264
240 1817.86 326 196
361 700.47 325 239
30 9559.71 159 270
781 9581.14 513 289
321 3681.79 548 493
876 1374.36 80 627
862 2375.27 111 669
819 3017.13 668 428
122 7663.12 684 631
338 1545.24 243 524
409 2807.85 912 283
470 5698.77 768 476
918 1413.91 534 669
672 6632.54 269 329
966 2901.31 251 672
971 6503.64 955 179
449 3905.52 829 372
13 5952.02 983 463
761 7419.92 430 324
925 2275.73 910 309
177 3123.97 248 108
78 2472.23 1012 561
84 3394.49 812 155
621 4080.96 185 477
961 8533.26 339 48
814 9315.72 915 578
928 9813.6 954 656
422 3431.76 93 532
784 9891.89 364 3
354 7324.84 224 511
757 2481.83 507 561
341 5812.07 230 592
625 9106.45 12 749
448 3160.55 840 316
273 2626.94 878 534
603 6676.17 946 587
410 4122.28 991 530
732 2185.24 559 652
401 9718.04 37 106
40 4304.72 45 488
853 7744.75 955 377
693 9138.23 692 135
116 3598.75 863 141
67 650.67 549 504
736 7784.73 294 164
627 6319.29 957 715
242 2964.12 311 37
207 3201.97 114 375
647 1613.89 611 97
48 8445.58 583 338
579 4396.77 993 361
658 3433.7 485 549
125 5770.71 615 724
553 1615.65 584 405
167 5267.78 92 390
82 9858.62 462 718
1000 9301.67 349 593
279 1253.83 581 224
941 188.82 406 368
832 2232.34 765 459
281 7255.19 640 439
269 9594.44 431 472
540 9121.91 957 191
938 621.98 396 84
720 8551.56 923 453
351 8728.03 496 675
46 2237.46 742 520
710 8724.66 444 351
801 77.69 451 552
582 9476.21 843 409
149 1410.37 818 319
531 4468.15 228 564
103 9057.83 998 422
803 374.05 653 405
665 6218.08 932 434
760 5044.12 149 233
104 5577.85 84 193
12 8811.23 919 765
447 7243.35 984 634
526 5874.18 1019 137
969 2604.56 36 691
827 2347.91 722 431
14 1758.77 638 663
580 6150.16 537 574
285 9762.08 530 719
329 2725.23 461 252
946 1407.42 531 452
444 4120.25 713 669
598 4068.24 450 693
794 5638.26 516 516
158 9871.81 968 373
622 3867.09 455 422
931 893.04 746 515
791 4136.66 762 641
236 7766.69 371 466
156 4722.08 684 461
796 5685.67 505 577
188 3079.54 607 715
996 1856.74 652 382
643 1223.25 590 314
532 5743.05 785 528
194 4572.33 702 456
602 7877.7 949 390
636 2651.93 933 565
845 9792.62 841 187
843 9415.1 918 357
854 6129.53 795 671
412 5975.59 162 112
719 5021.3 360 431
991 3505.92 201 364
583 6681.87 64 202
696 8298.33 430 607
895 9411.2 266 251
998 5578.11 493 664
457 7543.85 913 694
202 4863.02 312 545
546 121.62 79 699
153 8496.44 670 611
533 5014.77 75 514
368 7504.57 996 650
786 3328.1 1004 491
15 9299.19 643 301
275 791.31 500 178
694 5681.74 409 705
914 8611.47 316 44
673 1295.79 661 78
881 5182.81 865 547
631 9029.7 682 595
806 6129.41 558 602
935 2356.9 230 637
6 4806.25 700 23
741 1025.6 328 699
871 8938.7 160 270
443 8513.82 718 240
687 1357.76 616 8
664 8985.52 594 594
365 2337.67 137 92
649 5904.46 484 705
940 5022.39 800 47
59 5110.94 778 482
263 6287.5 933 575
105 60.28 911 162
967 7456.6 835 363
864 4695.4 985 397
392 2151.81 805 468
882 3971.74 378 605
58 8379.49 919 487
309 4730.35 1007 742
187 2941.23 1008 233
307 5416.44 901 637
548 7495.57 688 454
192 2069.14 798 600
751 8362.39 976 338
686 6514.18 143 558
42 3929.25 929 132
810 4267.19 948 154
190 867.01 398 34
94 6341.38 250 507
301 1272.13 17 449
215 2392.2 349 298
330 1768.75 472 150
381 3290.14 173 554
157 5058.38 272 389
478 6789.88 208 489
877 4810.17 30 58
752 9110.77 838 589
209 7497.5 112 172
620 1558.21 688 716
345 8630.62 937 255
332 909.44 717 239
464 5504.37 1011 537
714 3353.76 915 344
459 1787.96 501 691
577 6263.43 585 319
259 2079.85 753 456
589 5653.7 564 234
362 1735.28 745 21
363 6283.15 289 471
790 9811.73 344 244
829 1394.07 120 360
889 4491.29 847 95
522 6554.0 17 758
127 5667.61 831 446
408 6299.02 161 599
537 9550.27 231 664
756 8319.07 429 563
879 3993.75 149 349
709 6287.52 954 117
117 441.69 422 439
543 373.44 458 48
65 3198.03 504 425
519 6212.28 206 693
660 8535.22 502 443
839 3542.48 453 577
55 6703.83 562 272
828 528.85 990 326
372 7890.48 345 305
178 394.02 680 217
523 1796.71 484 401
986 8769.32 765 552
468 2593.7 556 463
233 1557.13 945 188
418 6039.02 193 482
893 3838.16 956 706
356 7357.61 3 377
288 3319.06 424 516
121 7438.67 390 206
648 7133.76 762 480
597 6907.06 547 238
868 3636.62 342 300
920 2770.11 884 35
50 755.37 445 586
813 6996.75 873 718
825 3525.58 981 11
313 8478.55 693 194
514 664.58 822 206
910 4976.13 793 656
812 1162.0 360 399
545 2545.81 4 158
51 401.28 102 117
138 2868.36 605 202
769 2596.51 238 272
770 8630.62 53 451
217 5153.33 126 101
739 4298.57 684 310
164 8694.54 74 731
471 9294.35 846 591
792 6377.68 576 539
195 9058.5 392 670
170 8769.01 43 295
601 5113.55 817 136
22 9916.95 624 624
198 466.07 451 363
179 1147.88 862 766
727 5070.9 72 433
488 3503.67 51 626
959 9027.31 280 165
671 9337.32 974 521
19 2616.53 467 178
355 4512.09 90 158
830 8573.51 913 614
887 3325.69 541 91
768 8927.99 523 115
359 478.67 337 323
507 9985.59 303 312
569 6022.33 81 509
193 7127.32 7 195
539 1716.23 299 755
386 7074.17 173 600
168 8236.04 185 530
455 5770.99 930 114
701 5560.13 727 592
955 7632.54 550 477
272 2360.61 736 62
911 5484.11 945 542
593 9278.6 451 234
733 1027.0 411 391
71 6034.85 408 755
698 172.32 866 757
922 847.55 975 372
396 1379.74 650 754
133 2625.18 272 385
24 6160.42 797 91
723 6057.06 468 135
516 4542.51 564 400
29 7626.5 842 604
499 3527.61 935 95
873 8141.17 477 518
472 8495.93 613 41
842 5339.22 816 81
934 4123.0 551 238
886 1668.97 191 466
555 7042.25 132 215
633 4687.21 599 532
303 8130.99 947 57
682 6576.81 872 760
423 3513.95 957 674
265 5578.87 258 221
562 6626.25 724 176
841 7969.25 822 133
775 1001.6 358 100
205 9510.08 368 231
9 8297.03 113 550
822 1337.31 27 680
963 449.58 943 491
118 161.12 121 159
374 9282.22 656 572
45 5819.18 677 605
974 8032.88 597 740
872 5305.97 310 251
315 243.91 600 604
937 2449.87 8 112
748 1773.88 1006 30
754 3312.0 192 204
161 8275.67 387 233
591 4762.95 767 554
100 9600.91 646 585
373 8645.89 330 167
909 3907.4 831 465
143 6080.44 990 747
245 3090.6 209 75
975 9940.97 734 403
92 6877.59 918 523
39 893.49 325 559
623 2966.66 940 570
79 3616.22 159 310
453 2194.34 536 102
678 6665.54 670 761
130 8312.64 185 61
172 5759.43 201 704
985 581.11 693 54
702 6286.5 648 202
189 6470.97 792 494
863 6049.65 191 208
162 1129.76 850 418
646 7648.87 204 530
465 3668.61 415 192
746 5083.01 981 217
306 6555.25 319 629
635 7388.51 697 295
66 9188.0 684 96
5 1780.9 111 475
575 5005.8 109 245
834 1287.47 392 273
326 6253.34 880 563
154 2577.16 109 91
126 9994.46 823 563
755 4559.48 226 517
380 7766.05 734 27
64 8019.85 808 410
711 7933.5 293 681
917 1581.52 783 5
366 2642.06 724 444
929 2798.93 646 495
504 1738.46 790 627
930 7363.68 911 661
2 2057.68 658 481
68 8886.62 828 237
393 2751.36 795 441
173 9158.66 320 751
61 7744.39 574 46
152 5726.6 1004 7
72 6552.17 352 163
617 4641.76 773 342
610 3634.55 400 469
973 3255.27 51 261
588 3382.48 761 729
919 8524.16 781 134
417 6893.43 143 685
816 9286.88 279 89
624 8949.23 923 187
258 3753.9 123 49
216 4215.81 298 165
594 2299.93 900 691
378 6361.73 707 563
987 7610.14 477 316
800 5925.68 910 329
291 5422.07 36 216
87 8251.94 274 345
181 1300.55 836 451
766 9936.16 504 220
270 5533.87 510 295
493 2446.43 550 518
129 6720.34 87 378
667 6768.99 321 587
611 8907.66 890 635
424 679.11 470 473
947 9476.59 441 520
681 7026.59 569 527
758 112.51 848 274
737 7533.21 191 675
787 1757.76 510 714
106 5164.42 827 222
232 7641.33 862 657
371 7326.78 652 734
590 8347.92 114 669
874 7356.76 556 135
389 9397.4 226 681
229 7973.17 305 243
566 8439.99 733 375
302 6223.39 95 726
41 4362.76 197 622
807 9589.85 656 174
221 5245.16 487 454
818 4346.3 762 204
32 7711.28 485 552
906 2968.5 599 235
942 3319.4 397 733
83 5306.87 32 547
642 4927.92 926 400
503 1431.57 712 304
75 2058.16 466 236
416 6860.37 946 414
274 8919.47 876 537
544 6171.96 134 738
821 2623.0 432 354
231 1677.15 405 362
91 8341.68 773 521
900 2877.1 105 303
43 851.03 584 539
592 7180.58 986 233
388 2171.47 729 487
333 7674.0 247 87
535 1458.29 116 691
131 9480.03 426 304
360 9963.01 88 153
483 7345.33 566 160
406 3192.38 111 276
411 8837.38 61 402
88 209.49 163 200
339 570.33 937 145
324 8676.4 557 697
915 1896.9 1014 660
773 4791.87 894 184
904 1273.27 695 677
912 1179.44 1002 78
826 6884.83 1011 532
958 8501.68 105 430
441 8998.48 593 334
171 3933.95 64 655
952 9469.59 501 74
280 1502.89 605 155
525 3877.36 497 708
428 3547.93 838 545
547 3606.12 917 518
651 194.83 40 189
323 383.79 621 33
728 6896.79 386 228
744 1822.7 387 470
852 6595.97 217 647
399 5722.56 726 149
11 999.53 1018 227
204 9906.29 1013 390
706 5241.48 123 559
505 1828.24 177 123
140 4180.6 907 13
462 5985.53 879 140
869 9136.86 1017 578
246 3517.1 18 259
901 3132.55 236 62
234 2943.93 29 680
37 7290.6 252 544
184 152.83 836 518
203 3017.47 69 585
599 4447.94 335 146
735 3673.87 572 516
844 5022.94 860 557
403 7995.9 137 246
277 609.06 416 58
793 3946.0 845 729
697 9925.65 895 180
317 9317.89 167 163
615 1336.87 658 616
774 3340.81 668 142
612 1845.63 754 47
763 3241.17 68 408
551 7188.81 723 155
1000 9870.26 385 332