$2.35061e+07
25052 99398.2 1 372
44973 98423 1 392
93766 96519.3 1 287
83520 94309.5 1 105
31112 91569.2 1 379
62787 91447.7 1 634
56041 91436.6 1 756
41990 90355.6 1 445
33227 88594.3 1 132
33269 87763.7 1 731
5374 86764.1 1 670
8724 85502.5 1 72
94336 84838.3 1 478
30442 83928.7 1 53
18445 83770.5 1 497
44275 83660 1 469
97698 83039.4 1 407
57040 82559.8 1 143
85777 81516.8 1 402
66860 80551.3 1 640
729 79110.3 1 161
62993 78414.8 1 538
78327 78023 1 257
47031 77227.1 1 640
72375 75712.1 1 186
58134 75342.1 1 68
10982 75135.1 1 21
21712 72785.6 1 333
89468 72189.7 1 716
69042 70664.6 1 562
13728 70114.7 1 23
50715 68432.8 1 59
66065 66488.7 1 118
11864 63579 1 122
35851 62835.6 1 32
30975 62042.9 1 560
19617 61764.4 1 368
64775 60887.6 1 357
14199 59924.4 1 549
14018 59610.7 1 256
7094 58826.4 1 408
48957 55133.8 1 10
91976 54197.1 1 487
24999 52581 1 30
51278 52380.2 1 3
12109 52021.4 1 188
68571 51395.1 1 521
2819 96784.9 2 245
93823 96255.7 2 651
19297 96228.3 2 9
8661 47492.7 1 627
87884 47097.1 1 480
64641 94171.3 2 7
96840 93227.2 2 437
87651 92923.5 2 25
29370 92519 2 636
83296 90245.1 2 740
32249 89890.1 2 395
15395 44495.7 1 231
6999 88871 2 109
97907 88102 2 24
68995 88056 2 721
48155 42946.5 1 717
42788 42896.9 1 43
59972 84347.9 2 296
87878 84104.6 2 373
80886 82832.2 2 51
67213 82693.5 2 401
94632 82646.8 2 724
34717 82464.9 2 489
46528 81789.5 2 551
35440 40557.4 1 166
35029 80818.4 2 522
15814 80679.8 2 95
40054 40161.7 1 28
58412 39944.8 1 531
20095 78721.3 2 441
87617 78702.9 2 431
49614 77300.3 2 716
41177 77059 2 382
67562 76969.3 2 121
21510 75900.3 2 207
50887 75823.1 2 417
97283 75713.5 2 86
11848 36958.3 1 83
84924 73895.1 2 752
85802 73461.1 2 592
72230 36662.1 1 380
51636 35642.1 1 283
58123 35387.3 1 482
71193 69845 2 210
42777 68941 2 124
37640 68468.8 2 213
80179 68458 2 67
23767 68087.3 2 353
97144 68036 2 317
45672 67041.2 2 171
15837 33235.9 1 503
28830 99296.7 3 392
63305 66029.8 2 521
32651 98972.8 3 672
46523 98031.3 3 300
57891 97792.8 3 493
39123 63272.8 2 405
84667 94541.1 3 176
96933 94088.7 3 484
45790 93658.3 3 312
3289 93649.1 3 556
84421 92963.3 3 419
81900 92946.1 3 646
38807 61494.9 2 530
18016 92139.4 3 306
1914 60671.3 2 107
7143 30234 1 595
72686 60397.8 2 78
10284 90396.2 3 668
28597 59950.2 2 680
26156 59919.1 2 199
57995 89592.1 3 640
37427 59196.2 2 390
25129 88274 3 591
31442 29170.4 1 581
41498 28971.4 1 108
70626 28936.8 1 95
5885 86747.8 3 15
73243 86693.2 3 686
89755 28800.6 1 188
88181 86142.1 3 185
53610 85198.3 3 336
63011 84710 3 125
21936 56332.5 2 424
83138 84036.5 3 745
62192 83984.4 3 29
92131 83869.9 3 542
7333 55192.7 2 436
70484 82773.8 3 705
78583 54737.9 2 103
79335 27322.8 1 361
88299 81836.2 3 237
82601 54358.3 2 631
63545 81323.7 3 558
51161 81277.3 3 317
67673 53961.9 2 589
80612 53608.1 2 601
46978 26670.1 1 604
30450 26454.8 1 349
69872 79324.3 3 101
1755 26320.7 1 570
44924 78920.7 3 362
65870 78618.9 3 523
90285 78571.8 3 314
59967 50532.3 2 661
88469 75158.7 3 274
23169 99785.5 4 104
6895 74526 3 580
30672 74145.5 3 621
52640 48616.3 2 503
75524 72804 3 485
88029 71621 3 83
51374 95483.6 4 563
7836 95176 4 97
65581 23652 1 63
25839 94398.5 4 357
44419 70712.5 3 631
55947 47117.6 2 309
75396 46734.9 2 452
24640 93214.7 4 738
43961 69722.4 3 361
77807 68602.5 3 7
62962 68232.3 3 613
50338 67715.8 3 286
88137 90093.8 4 361
538 89430.2 4 419
24819 89141.3 4 513
68638 44452 2 350
48567 21729.1 1 363
81815 65126 3 280
73824 86618.8 4 681
47918 64040.9 3 105
30626 63686.9 3 324
26130 63547.8 3 52
3840 84486.2 4 731
48575 62904.2 3 353
54835 41157.3 2 439
92991 20535.9 1 422
31794 61461.8 3 637
9681 61420.4 3 414
38121 20455.1 1 417
85139 81350.4 4 715
735 60125.4 3 740
96229 59585.8 3 459
5177 98808.3 5 466
88953 59268.3 3 335
52542 97311.5 5 606
5276 97021.8 5 735
92071 77565.3 4 106
10234 96632.2 5 263
282 77103.7 4 581
17463 96145.8 5 406
30791 95898.2 5 435
22941 95805 5 69
31284 76640 4 354
21769 76458.9 4 633
8237 75572.2 4 615
56905 75405.6 4 664
31718 94202.7 5 390
71365 94081.1 5 749
98273 37551.4 2 518
23184 75018.5 4 730
58037 74916.8 4 29
45381 92978.6 5 46
7673 55720.5 3 195
23570 37114.4 2 490
19818 36900.5 2 680
77824 91429.9 5 536
87984 36510.7 2 563
79009 36497.5 2 204
13485 91231.4 5 728
19283 36434.2 2 77
47195 91034.7 5 36
67312 36363.3 2 388
89019 36149.9 2 632
97303 72022.5 4 761
85034 89918.8 5 435
46747 89414.1 5 729
67952 53376.6 3 106
43110 70701.3 4 45
63244 17604.5 1 529
94600 70395.7 4 648
90169 52588.7 3 551
17259 35024.4 2 676
81344 69821.4 4 356
70711 34798.5 2 128
34191 69588.9 4 574
28892 86446.5 5 67
64317 17212.1 1 567
57391 68814.6 4 637
63696 68385.6 4 582
2698 50963.9 3 515
58069 84465 5 718
20285 83743.9 5 684
38617 33320.6 2 610
10342 99608.4 6 443
46658 66274 4 546
48269 49632.2 3 495
52316 66159.4 4 470
61125 82619 5 306
84026 82181.8 5 713
93897 81762.7 5 474
61140 65348 4 68
49930 32407.7 2 437
42909 80994.7 5 713
4867 16181 1 67
42172 48434 3 37
30291 96634.8 6 229
92413 16027.7 1 387
49710 95829.6 6 162
66965 95641.8 6 742
31130 31653.1 2 727
2097 78895.3 5 440
89139 94428.1 6 393
49869 78582.2 5 575
95823 47106.1 3 546
36536 31149.4 2 727
9221 93313 6 712
75502 46357.1 3 347
85324 92212 6 572
32172 30664.9 2 344
97139 76271.1 5 79
36155 76247.7 5 488
7079 60969.5 4 731
85710 60912.1 4 357
80637 90977.2 6 573
63790 90828.7 6 349
19777 60385.8 4 160
18022 90515.4 6 59
21277 45239.9 3 385
93148 59975.7 4 453
16400 74935.3 5 561
54163 74781.9 5 125
83271 89707 6 613
85009 59439.5 4 215
89462 59435 4 15
37774 14832.8 1 658
91088 88732.6 6 610
59744 58916.9 4 457
5362 58721.1 4 389
9951 43729.5 3 6
2394 43540.3 3 158
97950 86759.5 6 596
30263 86550.8 6 379
49865 57501.3 4 473
29172 28684.7 2 724
97890 57341.3 4 608
12424 85929.9 6 274
63705 14303.4 1 663
76802 56883.3 4 324
46607 56815.6 4 418
85661 56762.4 4 236
93302 98754.4 7 441
14998 84604.5 6 651
44679 83620 6 697
9098 96827.3 7 43
96392 82895.9 6 271
77539 68597.7 5 554
57104 95875.2 7 23
24583 27392.9 2 144
11117 82118 6 67
18330 95763.2 7 255
84992 40712.3 3 390
55325 94921.1 7 15
4669 13549.4 1 692
107 40635 3 237
24788 81125.7 6 412
29837 40525.4 3 550
1418 40397.1 3 528
49623 93587.6 7 693
81682 26718.3 2 729
91189 93160.1 7 43
903 92739.8 7 438
63301 39609.1 3 479
79531 13200.8 1 583
28247 65942.1 5 420
89471 39553.6 3 661
34414 65713.6 5 742
66150 39403.8 3 57
75897 39380.7 3 300
45355 78757.2 6 109
15232 52464.9 4 743
51071 52255.1 4 358
72366 78352.9 6 382
73701 91126.5 7 593
91837 77960.5 6 310
36895 25854.5 2 7
2616 90420.3 7 287
86510 90148.8 7 223
92946 64295.2 5 171
11327 76846.4 6 702
21466 38345.4 3 357
67067 25504 2 89
83924 63622.3 5 664
26896 63412 5 267
5336 50482.3 4 628
95779 12591.4 1 593
95233 36764.5 3 57
56961 24421.4 2 126
